-0.001427115
-0.011009174
-0.010295617
-0.008970438
-0.009683996
-0.012232416
-0.014475025
-0.01304791
-0.011213048
-0.008664628
-0.008664628
-0.013353721
-0.017940877
-0.019775739
-0.016513761
-0.014678899
-0.011009174
-0.008358818
-0.004281346
-0.006727829
-0.013353721
-0.019367992
-0.019979613
-0.006727829
0.003058104
0.014373089
-0.004994903
-0.01304791
-0.014678899
-0.02069317
-0.026503568
-0.03312946
-0.031192661
-0.017533129
-0.020081549
-0.016615698
-0.016717635
-0.006829766
0.00254842
0.01529052
0.024057085
0.025688073
0.034250765
0.047196738
0.050152905
0.042711519
0.036595311
0.027624873
0.023955148
0.034556575
0.041997961
0.054026504
0.065137615
0.074617737
0.066462793
0.061060143
0.04077472
0.04077472
0.006422018
-0.052497452
-0.080224261
-0.06146789
-0.049337411
-0.0254842
-0.006014271
0.013659531
0.031396534
0.050866463
0.072375127
0.101427115
0.124260958
0.155861366
0.147706422
0.117737003
0.095310907
0.090927625
0.094393476
0.085524975
0.091845056
0.101223242
0.12324159
0.03343527
-0.150356779
-0.210601427
-0.202752294
-0.20733945
-0.185117227
-0.175840979
-0.178593272
-0.178695209
-0.183995923
-0.166156983
-0.137308869
-0.110805301
-0.079714577
-0.043730887
-0.001732926
0.036697248
0.080020387
0.118654434
0.162895005
0.199796126
0.24587156
0.278185525
0.309480122
0.326197757
0.348318043
0.28756371
0.236901121
-0.122120285
-0.241896024
-0.167176351
-0.19011213
-0.111620795
-0.07675841
-0.017635066
0.011518858
0.054332314
0.091233435
0.120897044
0.179102956
0.058715596
-0.268195719
-0.157696228
-0.176248726
-0.103160041
-0.059021407
0.024159021
-0.068297655
-0.201834862
-0.167278287
-0.171763507
-0.1509684
-0.1254842
-0.102038736
-0.076554536
-0.053312946
-0.027624873
-0.004485219
0.019164118
-0.009683996
-0.044138634
-0.085423038
-0.096941896
-0.072986748
-0.061060143
-0.034046891
-0.011009174
0.018858308
0.042813456
0.068603466
-0.00988787
-0.037920489
-0.004077472
0.001121305
0.035066259
0.057594292
0.090010194
0.115188583
0.138939857
0.022324159
0.024566769
0.069622834
0.070234455
0.134352701
0.137920489
0.20795107
-0.09490316
-0.133333333
-0.070540265
-0.055657492
0.00733945
0.068807339
-0.108766565
-0.151681957
-0.109174312
-0.118450561
-0.077675841
-0.056982671
-0.021916412
-0.012844037
-0.068705403
-0.033027523
-0.034352701
-0.011111111
0.001732926
0.030479103
0.049745158
0.061977574
0.022629969
-0.003261978
-0.024974516
0.007849134
0.021508665
0.057900102
0.084199796
0.12293578
0.150662589
0.17706422
0.042915392
0.002956167
0.026401631
0.029867482
-0.005606524
-0.014984709
0.014576962
0.020998981
0.050866463
0.065749235
0.097553517
0.114984709
0.147502548
0.166055046
0.198267074
0.189194699
0.20224261
0.180326198
0.127420999
-0.123037717
-0.055249745
-0.039143731
-0.031702345
-0.113965341
-0.169317023
-0.251172273
-0.206422018
-0.187054027
-0.134250765
-0.097859327
-0.03312946
0.015698267
0.083180428
0.134454638
0.185321101
-0.005912334
-0.017227319
0.029051988
0.045565749
0.100203874
0.145158002
0.188888889
0.250356779
0.171763507
-0.140672783
-0.101834862
-0.111009174
-0.092456677
-0.047808359
-0.127420999
-0.215188583
-0.164831804
-0.172477064
-0.13312946
-0.113251784
-0.078797146
-0.051987768
-0.055453619
-0.122324159
-0.12324159
-0.118042813
-0.116717635
-0.073088685
-0.055657492
0.006523955
-0.081957187
-0.16656473
-0.08756371
-0.097961264
-0.040366972
-0.014984709
0.032517839
0.066055046
0.089296636
0.048114169
0.020183486
-0.002752294
0.029765545
0.045361876
0.080020387
0.105300714
0.137818552
0.163710499
0.189704383
0.13058104
0.065239551
0.020795107
0.032008155
0.038022426
0.050560652
0.023955148
-0.008562691
-0.017125382
-0.011518858
-0.023343527
-0.025280326
-0.016004077
-0.007033639
0.014984709
0.038634047
0.059021407
0.025993884
-0.004179409
-0.04362895
-0.013557594
0.009683996
0.023445464
-0.013149847
-0.00509684
0.008154944
0.021406728
0.038735984
0.051987768
0.016004077
-0.003261978
-0.011314985
0.000509684
0.007747197
0.003567788
-0.009683996
-0.003669725
-0.001630989
0.003873598
0.008664628
-0.005708461
-0.030988787
-0.042915392
-0.024872579
-0.024057085
-0.018042813
-0.013149847
-0.001834862
0.021202854
-0.011009174
-0.009276249
-0.003465851
-0.010805301
-0.011314985
-0.010091743
-0.000203874
0.007441386
0.023955148
0.036187564
0.071865443
0.079408767
0.018756371
-0.026809378
-0.012640163
-0.004281346
0.016207951
0.004892966
-0.022324159
-0.047604485
-0.04362895
-0.022018349
-0.004383282
0.016207951
0.032619776
0.042711519
0.012538226
-0.016309888
-0.020795107
-0.008358818
-0.020998981
-0.013965341
-0.005606524
0.00540265
0.013659531
0.027115189
0.023649337
0.008053007
-0.000815494
0.02038736
0.044342508
0.050152905
0.019469929
0.009378186
-0.00224261
-0.002140673
0.005300714
0.009480122
0.025993884
0.037512742
0.05351682
0.055147808
0.04332314
0.040570846
0.056982671
0.07706422
0.037206932
0.041896024
0.009989806
-0.020795107
-0.025382263
-0.041284404
-0.042099898
-0.048012232
-0.044138634
-0.046687054
-0.005810398
0.01814475
-0.021202854
-0.050152905
-0.054026504
-0.036901121
-0.041284404
-0.031396534
-0.032212029
-0.027013252
-0.027013252
-0.027420999
-0.035168196
-0.031498471
-0.022120285
-0.00795107
0.008868502
0.028644241
0.031600408
0.036493374
0.034760449
0.036493374
0.029255861
0.031090724
0.011416922
0.021814475
0.013863405
0.039143731
-0.087767584
-0.137512742
-0.136799185
-0.138022426
-0.121610601
-0.106218145
-0.084505607
-0.066360856
-0.045259939
-0.026299694
-0.006116208
-0.009276249
-0.018552497
-0.014984709
0.008664628
0.016615698
0.00509684
0.026911315
0.059327217
0.088379205
0.122324159
0.172782875
0.113251784
-0.112130479
-0.037308869
-0.045361876
-0.024057085
-0.097859327
-0.06687054
-0.060856269
-0.068297655
-0.056269113
-0.002752294
0.03853211
0.109276249
0.170132518
0.096534149
0.041590214
0.067991845
0.013455657
-0.009683996
-0.053007136
-0.084301733
-0.117431193
-0.117227319
-0.082364934
-0.037614679
0.002956167
0.055555556
0.120081549
0.164118247
-0.027522936
0.003465851
-0.005708461
0.002038736
0.014882773
0.054740061
0.081345566
-0.020897044
-0.060142712
-0.017227319
-0.01783894
-0.00285423
0.007543323
0.038939857
0.057798165
0.07675841
0.081651376
0.060346585
0.030988787
0.002344546
0.006523955
-0.04138634
-0.045973496
-0.008053007
0.017125382
0.057798165
0.009480122
-0.005606524
0.004485219
-0.012538226
-0.028746177
-0.044546381
-0.035881753
-0.025993884
-0.011314985
0.020897044
0.052905199
0.087054027
0.116615698
0.074719674
0.024159021
-0.037512742
-0.027624873
-0.022120285
-0.088990826
-0.099184506
-0.060040775
-0.034250765
0.007849134
0.026401631
0.051783894
0.036799185
0.008256881
-0.005708461
-0.021304791
-0.032313965
-0.024260958
-0.038328236
-0.05606524
-0.073598369
-0.08185525
-0.053312946
-0.034658512
-0.001121305
0.006625892
-0.003771662
-0.000509684
-0.017125382
-0.041794088
-0.008154944
0.008053007
0.038124363
0.062691131
0.067787971
0.025891947
-0.005810398
-0.048318043
-0.036289501
-0.024770642
-0.004892966
0.012844037
0.038634047
0.024566769
-0.023139653
-0.04362895
-0.069215087
-0.067380224
-0.060142712
-0.052293578
-0.041590214
-0.031498471
-0.027115189
-0.055147808
-0.06401631
-0.092558614
-0.112844037
-0.08980632
-0.078491335
-0.059327217
-0.048216106
-0.033944954
-0.020285423
0.002038736
0.021508665
0.044036697
0.062487258
0.078185525
0.095107034
0.108664628
0.115188583
0.120998981
0.127115189
0.13598369
0.162487258
0.183180428
0.20764526
0.125993884
0.045056065
-0.014271152
-0.067889908
-0.056574924
-0.070642202
-0.10030581
-0.127013252
-0.120183486
-0.107033639
-0.093781855
-0.075739042
-0.082466871
-0.086646279
-0.087665647
-0.087971458
-0.088990826
-0.088481142
-0.090214067
-0.054740061
0.005300714
0.021916412
0.024974516
0.059123344
0.032008155
0.024057085
0.049439348
0.060040775
0.05351682
0.036187564
0.020081549
0.020285423
0.050152905
0.034964322
0.029357798
0.044036697
0.024362895
0.008970438
0.007849134
-0.015086646
-0.007849134
-0.001936799
0.00764526
0.004485219
-0.014780836
-0.032212029
-0.024566769
-0.00285423
0.018552497
0.043425076
0.044750255
0.052191641
0.047502548
0.048827727
0.019673802
0.022629969
0.027930683
0.040061162
0.051376147
0.058817533
0.059938838
0.083792049
0.081243629
0.096738022
0.035168196
0.004587156
-0.012538226
-0.035372069
-0.043425076
-0.042405708
-0.02803262
-0.027522936
0.007543323
0.04362895
-0.023547401
-0.039449541
-0.008460754
0.014169215
0.045361876
0.002752294
-0.071049949
-0.081141692
-0.025586137
-0.013761468
0.008053007
-0.011722732
-0.025586137
-0.033944954
-0.027420999
-0.030682977
-0.02038736
-0.006829766
-0.003873598
0.010703364
0.030173293
0.035066259
0.097553517
0.091539246
0.018246687
-0.036901121
-0.101325178
-0.082262997
-0.075840979
-0.054943935
-0.033639144
-0.01304791
0.003160041
0.015086646
0.051783894
-0.00224261
-0.049847095
-0.036493374
-0.070438328
-0.052599388
-0.037818552
0.008970438
0.064424057
0.085728848
0.130071356
0.141488277
0.121610601
0.076554536
0.02293578
-0.008970438
-0.023139653
0.007543323
0.018450561
0.055453619
0.040672783
0.004587156
-0.008358818
-0.018858308
-0.002038736
0.000611621
-0.011926606
-0.021406728
-0.03088685
-0.052191641
-0.074108053
-0.059021407
-0.027115189
-0.01814475
0.004077472
0.009989806
0.013965341
0.022528033
0.044546381
0.009276249
-0.055861366
-0.056574924
-0.024770642
-0.008256881
0.0254842
0.041794088
0.018552497
-0.002752294
-0.024770642
-0.001529052
0.025178389
0.049133537
0.079816514
0.063404689
0.033741081
-0.001427115
-0.019877676
-0.025178389
-0.021610601
-0.011213048
0.00509684
0.024566769
-0.003465851
-0.022018349
-0.048012232
-0.037003058
-0.019877676
-0.001834862
0.017329256
-0.008154944
0.000509684
0.023445464
0.038124363
0.061264016
0.052599388
0.044036697
0.035066259
0.051478084
0.06656473
0.069622834
0.017533129
-0.017329256
-0.053720693
-0.067686035
-0.039449541
-0.022629969
-0.003363914
0.012130479
-0.01304791
-0.035779817
-0.052395515
-0.034148828
-0.022222222
-0.001223242
0.014475025
0.007135576
-0.006422018
-0.012232416
-0.032823649
-0.035270133
-0.009276249
0.007441386
0.031498471
0.048114169
0.06146789
0.058715596
0.033639144
-0.007441386
-0.079204893
-0.061977574
-0.044648318
-0.021304791
0.003160041
0.03567788
0.029867482
0.012334353
0.034454638
0.032313965
0.025891947
0.029153925
0.020183486
0.017737003
0.002140673
-0.014678899
-0.034964322
-0.034556575
-0.014780836
-0.00285423
0.017329256
-0.009785933
-0.025993884
-0.028440367
-0.039551478
-0.024668705
-0.021916412
-0.018552497
-0.017737003
-0.003873598
-0.002752294
-0.018858308
-0.012538226
0.008868502
0.034964322
0.070846075
0.092762487
0.08695209
0.077471967
0.052293578
0.018960245
0.001529052
-0.019367992
-0.015392457
-0.007441386
0.002140673
0.013149847
0.021916412
0.002446483
-0.012640163
-0.033537207
-0.052905199
-0.072171254
-0.059021407
-0.047094801
-0.031294597
-0.014780836
-0.000917431
-0.018348624
-0.032415902
-0.047400612
-0.039857288
-0.035168196
-0.032212029
-0.044342508
-0.050050968
-0.04841998
-0.042813456
-0.036799185
-0.028236493
-0.026299694
-0.014169215
-0.006931702
0.051681957
0.073598369
0.08950051
0.079714577
0.077981651
0.044750255
0.008154944
0.001325178
-0.012844037
-0.001529052
0.003058104
0.010601427
0.010601427
0.019673802
0.020897044
0.007543323
-0.005708461
-0.00733945
0.007135576
0.010805301
0.014984709
-0.000917431
-0.016207951
-0.019062181
-0.000713558
0.015800204
0.010703364
-0.011722732
-0.030784913
-0.031498471
-0.009683996
-0.005912334
0.000407747
0.002038736
0.00509684
0.005810398
0.00988787
0.013659531
0.018042813
0.022222222
0.026605505
0.030784913
0.035270133
0.039347604
0.048318043
0.040061162
0.024260958
0.011722732
-0.008053007
-0.012640163
0.005504587
0.002752294
-0.0254842
-0.057696228
-0.064220183
-0.060244648
-0.042099898
-0.006931702
0.027726809
0.028236493
-0.002140673
-0.006116208
-0.011213048
-0.022528033
-0.042405708
-0.052905199
-0.022629969
0.003058104
0.008053007
0.014169215
0.017431193
0.02579001
0.032925586
0.039857288
0.016717635
-0.013863405
-0.032925586
-0.029663609
-0.029255861
-0.030988787
-0.034556575
-0.024974516
-0.007747197
0.0127421
0.038328236
0.040978593
0.024974516
0.015902141
-0.004077472
-0.01559633
-0.029459735
-0.032212029
-0.011314985
0.009582059
0.034148828
0.058715596
0.043221203
0.014576962
-0.000713558
-0.013761468
-0.027522936
-0.034760449
-0.036391437
-0.040366972
-0.040978593
-0.049745158
-0.048929664
-0.04138634
-0.041488277
-0.035779817
-0.019062181
-0.005810398
0.004485219
-0.001936799
-0.00733945
-0.017227319
-0.011722732
0.012844037
0.036493374
0.066666667
0.072986748
0.077675841
0.075331295
0.06401631
0.049337411
0.026911315
-0.004485219
-0.029357798
-0.039143731
-0.050152905
-0.04362895
-0.042405708
-0.028134557
-0.005300714
0.024159021
0.043425076
0.061569827
0.046075433
0.028950051
0.012844037
-0.005504587
-0.02803262
-0.043119266
-0.01783894
0.000101937
0.025891947
0.0490316
0.065341488
0.056472987
0.042099898
0.018756371
-0.004892966
-0.03088685
-0.05412844
-0.072171254
-0.09459735
-0.087971458
-0.06432212
-0.038328236
0.008868502
0.031498471
0.060040775
0.062589195
0.039245668
0.035779817
0.031702345
0.025076453
0.001936799
-0.020183486
-0.016106014
-0.001529052
0.010091743
0.029153925
0.041590214
0.057390418
0.05412844
0.032008155
0.016819572
-0.002446483
-0.019266055
-0.028134557
-0.037818552
-0.04587156
-0.054434251
-0.049235474
-0.038634047
-0.030173293
-0.019979613
-0.018756371
-0.016207951
-0.012130479
-0.00540265
0.000203874
0.006014271
-0.002344546
-0.011416922
-0.020897044
-0.032823649
-0.039551478
-0.034760449
-0.029255861
-0.03343527
-0.041488277
-0.049643221
-0.057390418
-0.065647299
-0.056574924
-0.045463812
-0.000815494
0.02579001
0.041896024
0.065647299
0.059021407
0.048318043
0.039143731
0.039245668
0.034658512
0.036391437
0.000815494
-0.025891947
-0.046890928
-0.048012232
-0.022629969
-0.006625892
0.016717635
0.036187564
0.051376147
0.037818552
0.028542304
0.016106014
0.004179409
-0.002752294
0.002140673
0.004485219
0.010091743
0.013761468
0.009582059
0.005912334
0.00224261
-0.003160041
-0.003160041
0.000407747
-0.00254842
-0.012640163
-0.023955148
-0.04138634
-0.054026504
-0.071457696
-0.032925586
-0.005300714
0.009582059
0.03343527
0.04872579
0.051885831
0.036493374
0.034862385
0.031192661
0.029051988
0.026809378
0.017125382
-0.000509684
-0.021610601
-0.037206932
-0.031600408
-0.030275229
-0.028542304
-0.024159021
-0.027115189
-0.031396534
-0.037308869
-0.036391437
-0.031396534
-0.019673802
0.001936799
0.019979613
0.016309888
0.013149847
0.014271152
0.011213048
0.011009174
0.009378186
0.009072375
0.001936799
-0.013353721
-0.025178389
-0.044444444
-0.044036697
-0.03058104
-0.019571865
-0.004892966
0.00988787
0.017125382
0.015086646
0.017635066
0.00795107
-0.005912334
-0.021916412
-0.023853211
0.006116208
0.026707441
0.027420999
0.008562691
-0.004179409
-0.023139653
-0.007747197
0.003160041
0.018552497
0.031600408
0.048827727
0.046788991
0.016921509
-0.005912334
-0.040366972
-0.045259939
-0.024566769
-0.010295617
0.022120285
0.026605505
0.012334353
0.000815494
-0.017125382
-0.038939857
-0.057696228
-0.07961264
-0.063098879
-0.026095821
0.004485219
0.04648318
0.079816514
0.11243629
0.09714577
0.049847095
0.01243629
-0.039449541
-0.086238532
-0.124974516
-0.088073394
-0.062793068
-0.02324159
0.01529052
0.048623853
0.032925586
0.025280326
0.009683996
0.023139653
0.034454638
0.051478084
0.060550459
0.052905199
0.056269113
0.060652396
0.062895005
0.060448522
0.047502548
0.016106014
-0.007849134
-0.023445464
-0.03088685
-0.033537207
-0.037104995
-0.049949032
-0.067278287
-0.073700306
-0.079918451
-0.086238532
-0.057696228
-0.021304791
0.01304791
0.03883792
0.049745158
0.037003058
0.0254842
0.016106014
0.038430173
0.060550459
0.064220183
0.037716616
0.022120285
0.004077472
0.002344546
-0.006320082
-0.029153925
-0.038735984
-0.046585117
-0.051478084
-0.079204893
-0.06401631
-0.019266055
0.019266055
0.051885831
0.075840979
0.076350663
0.057288481
0.046381244
0.05351682
0.064729867
0.0745158
0.086748216
0.094495413
0.099388379
0.094699286
0.082976555
0.026911315
-0.029459735
-0.091845056
-0.139041794
-0.08756371
-0.047706422
0.008256881
0.060550459
0.083893986
0.05667686
0.030682977
-0.001121305
-0.038735984
-0.035372069
-0.002038736
0.018348624
0.064525994
0.103261978
0.114373089
0.112844037
0.095820591
0.082059123
0.061977574
0.051783894
0.020998981
-0.020489297
-0.058307849
-0.104077472
-0.135779817
-0.124872579
-0.123037717
-0.10254842
-0.077675841
-0.055861366
-0.049847095
-0.041284404
-0.029663609
-0.017940877
-0.014373089
-0.009989806
-0.00509684
0.001936799
0.008154944
0.003567788
-0.002956167
-0.006218145
-0.003465851
-0.001325178
0.007747197
0.020897044
0.033333333
0.04587156
0.058817533
0.057288481
0.047298675
0.03058104
0.010907238
-0.000407747
-0.003363914
-0.007033639
-0.010295617
-0.020489297
-0.019164118
0.00254842
0.013659531
0.024770642
0.027115189
0.027013252
0.015800204
-0.001936799
-0.009683996
-0.022018349
-0.017023445
-0.012232416
-0.006523955
-0.013149847
-0.016615698
-0.019673802
-0.024668705
-0.024057085
-0.01783894
-0.012640163
-0.018858308
-0.027013252
-0.032925586
-0.034250765
-0.046279307
-0.043832824
-0.034046891
-0.021712538
-0.007033639
0.003058104
0.00030581
-0.009480122
-0.009072375
-0.01529052
-0.016717635
-0.024260958
-0.032925586
-0.042915392
-0.046585117
-0.040468909
-0.035575943
-0.026299694
-0.017533129
-0.002038736
0.015902141
0.028950051
0.036901121
0.036085627
0.027420999
0.010295617
-0.004587156
-0.0127421
-0.024974516
-0.023343527
-0.012844037
-0.006931702
0.001834862
0.009480122
0.02038736
0.029153925
0.037206932
0.031702345
0.018450561
0.002446483
-0.015902141
-0.032517839
-0.022324159
-0.012028542
0.001529052
0.01559633
0.030377166
0.024770642
0.013863405
0.010397554
0.002446483
-0.001019368
-0.002344546
-0.003669725
-0.004892966
-0.009072375
-0.015800204
-0.015086646
-0.007747197
0
-0.002038736
-0.015086646
-0.02293578
-0.038124363
-0.037206932
-0.025586137
-0.016717635
-0.001427115
0.01559633
0.030784913
0.040061162
0.04138634
0.039245668
0.033537207
0.018654434
0.0127421
0.007135576
-0.000101937
-0.006931702
-0.013251784
-0.01304791
-0.011722732
-0.010397554
-0.008562691
-0.014373089
-0.020897044
-0.027420999
-0.03567788
-0.036595311
-0.030275229
-0.023139653
0.001834862
0.010091743
0.02069317
0.026095821
0.020285423
0.016309888
0.010907238
0.015902141
0.020183486
0.024668705
0.014373089
0.005606524
-0.006727829
-0.00988787
-0.002650357
0.001630989
0.01019368
0.009582059
0.003975535
0
-0.006727829
-0.010091743
-0.011111111
-0.011722732
-0.013353721
-0.017125382
-0.020285423
-0.010601427
-0.001019368
0.005606524
0.013149847
0.02038736
0.020285423
0.017227319
0.014576962
0.011111111
0.01304791
0.015494393
0.013965341
0.011926606
0.00988787
0.006116208
-0.00285423
-0.00509684
-0.008562691
-0.01814475
-0.032721713
-0.042813456
-0.052803262
-0.048114169
-0.040163099
-0.029561672
-0.011213048
0.00509684
0.013455657
0.016004077
0.018042813
0.019877676
0.025993884
0.033741081
0.03343527
0.025688073
0.017635066
0.004587156
-0.008664628
-0.019367992
-0.023343527
-0.030988787
-0.028236493
-0.023139653
-0.017737003
-0.012334353
-0.012844037
-0.013149847
-0.008154944
-0.002650357
0.003975535
0.006625892
0.005606524
0.00509684
0.006523955
0.012844037
0.018246687
0.024770642
0.031294597
0.030377166
0.025586137
0.022018349
0.016615698
0.019571865
0.023853211
0.028746177
0.030682977
0.019979613
0.010805301
-0.003975535
-0.016615698
-0.032823649
-0.034148828
-0.022324159
-0.015086646
-0.001019368
0.001121305
-0.00540265
-0.010295617
-0.012844037
-0.014576962
-0.013149847
-0.010601427
-0.007237513
-0.001834862
0.003363914
0.008664628
0.016106014
0.024362895
0.032517839
0.034760449
0.032415902
0.021712538
0.007441386
0.000917431
-0.001529052
-0.00479103
-0.00764526
-0.012334353
-0.015902141
-0.011824669
-0.005708461
-0.000611621
-0.00030581
-0.00030581
0.001427115
0.004689093
0.00733945
0.008766565
0.009989806
0.012640163
0.014984709
0.017533129
0.02038736
0.026095821
0.032313965
0.029255861
0.023547401
0.010703364
-0.000101937
-0.001121305
-0.003669725
-0.00540265
-0.008460754
-0.005300714
-0.000713558
0.003771662
0.009785933
0.015800204
0.020897044
0.014576962
0.007441386
0.002140673
-0.00224261
-0.007135576
-0.01019368
-0.00764526
-0.005504587
-0.002956167
-0.001529052
0
-0.000101937
-0.000611621
-0.001121305
-0.001019368
-0.00030581
0.000101937
0.001630989
0.00540265
0.008766565
0.012844037
0.015698267
0.013353721
0.010397554
0.005708461
0.000611621
-0.004077472
-0.009989806
-0.009785933
-0.004689093
-0.000713558
0.003160041
0.004587156
0.006931702
0.005300714
0.004587156
0.001834862
-0.000203874
-0.002956167
-0.00285423
-0.001732926
-0.000611621
-0.000509684
-0.001732926
-0.00224261
-0.003669725
-0.003261978
-0.000713558
0.001427115
0.004179409
0.006625892
0.006422018
0.005300714
0.000611621
-0.004587156
-0.007747197
-0.006523955
-0.006625892
-0.010907238
-0.016411825
-0.017737003
-0.011926606
-0.007135576
-0.003669725
-0.00254842
-0.000203874
0.000407747
0.003669725
0.008358818
0.011722732
0.007135576
0.003873598
-0.001019368
-0.00254842
-0.003465851
-0.004179409
-0.004587156
-0.006625892
-0.012232416
-0.011926606
-0.011009174
-0.009989806
-0.008256881
-0.007747197
-0.011213048
-0.014067278
-0.016921509
-0.014678899
-0.013251784
-0.011314985
-0.011009174
-0.009989806
-0.009989806
-0.006422018
-0.000203874
0.005504587
0.011213048
0.015494393
0.020081549
0.017329256
0.014271152
0.01049949
0.006523955
0.001019368
-0.006829766
-0.010703364
-0.01243629
-0.014067278
-0.016921509
-0.021916412
-0.027420999
-0.027930683
-0.022120285
-0.01814475
-0.011824669
-0.006218145
0
0.005504587
0.010091743
0.014678899
0.019062181
0.023649337
0.026707441
0.025993884
0.023139653
0.017431193
0.012945973
0.005504587
-0.00479103
-0.015188583
-0.021406728
-0.025891947
-0.025688073
-0.024974516
-0.023037717
-0.018246687
-0.013863405
-0.008358818
-0.001427115
0.004485219
0.009072375
0.00988787
0.01019368
0.01019368
0.010601427
0.013863405
0.012334353
0.01019368
0.00733945
0.001936799
-0.00285423
-0.008460754
-0.013353721
-0.019367992
-0.019775739
-0.014169215
-0.01019368
-0.004485219
-0.004485219
-0.004077472
-0.004587156
-0.004994903
-0.003975535
-0.002140673
-0.00224261
-0.001630989
-0.001630989
-0.001223242
-0.001223242
0.00285423
0.006931702
0.011722732
0.009785933
0.005708461
0.001732926
-0.003160041
-0.00795107
-0.009378186
-0.009378186
-0.009683996
-0.009378186
-0.008766565
-0.005300714
-0.00224261
0.001427115
0.003873598
0.003465851
0.003465851
0.002956167
0.004077472
0.005504587
0.006829766
0.008664628
0.008868502
0.007849134
0.007135576
0.006218145
0.00764526
0.008868502
0.010397554
0.011314985
0.009174312
0.00764526
0.00540265
0.006320082
0.008053007
0.00988787
0.012028542
0.013761468
0.010703364
0.007849134
0.004485219
0.001223242
-0.002140673
-0.004281346
-0.006931702
-0.008868502
-0.012232416
-0.016207951
-0.020183486
-0.023751274
-0.026299694
-0.027522936
-0.02833843
-0.029255861
-0.02833843
-0.027522936
-0.026299694
-0.025586137
-0.022324159
-0.017635066
-0.013149847
-0.011111111
-0.010703364
-0.009683996
-0.009276249
-0.00733945
-0.006014271
-0.004077472
-0.002344546
0.001834862
0.003567788
0.004281346
0.004892966
0.004383282
0.004383282
0.003873598
0.003669725
0.003261978
0.00479103
0.006422018
0.008664628
0.011213048
0.013659531
0.016309888
0.018450561
0.017635066
0.017125382
0.016207951
0.014984709
0.011009174
0.006931702
0.003261978
0.000917431
0.001936799
0.00285423
0.004077472
0.005504587
0.007033639
0.009683996
0.011926606
0.014576962
0.014576962
0.0127421
0.01243629
0.012640163
0.012844037
0.013251784
0.013557594
0.010805301
0.008053007
0.004689093
0.002038736
0.000509684
-0.001121305
-0.00254842
-0.001121305
0.001834862
0.004383282
0.007747197
0.01049949
0.013557594
0.010295617
0.006320082
0.001834862
-0.002752294
-0.008154944
-0.009072375
-0.005504587
-0.003058104
0.000611621
0.001223242
0.00224261
0.002752294
0.003261978
0.004892966
0.007033639
0.009072375
0.011416922
0.013557594
0.014271152
0.013965341
0.014271152
0.013761468
0.014169215
0.010397554
0.003058104
-0.003261978
-0.006422018
-0.008664628
-0.011416922
-0.016004077
-0.020081549
-0.019164118
-0.018552497
-0.017329256
-0.015902141
-0.014475025
-0.013149847
-0.0127421
-0.012232416
-0.011824669
-0.011620795
-0.010805301
-0.006523955
-0.002140673
0.000203874
-0.000407747
-0.000407747
-0.001427115
-0.001936799
-0.000815494
0.001121305
0.002752294
0.00509684
0.00540265
0.004281346
0.003058104
0.001121305
-0.000509684
-0.002446483
-0.002038736
-0.000713558
0.000407747
0.001936799
0.003363914
0.004892966
0.005810398
0.006625892
0.007543323
0.008256881
0.009276249
0.012945973
0.017227319
0.014678899
0.010703364
0.007135576
0.003567788
0.000203874
-0.003261978
-0.006523955
-0.009683996
-0.009276249
-0.008460754
-0.007441386
-0.005198777
-0.003058104
-0.000407747
0.003363914
0.005300714
0.004485219
0.004077472
0.003058104
0.002038736
0.001019368
0.000101937
-0.001019368
-0.001427115
0.000203874
0.001630989
0.003058104
0.002344546
0.001630989
0.001630989
0.002650357
0.003261978
0.004587156
0.004689093
0.002140673
-0.00030581
-0.003058104
-0.006116208
-0.008868502
-0.011824669
-0.010907238
-0.009582059
-0.00795107
-0.006931702
-0.006422018
-0.005810398
-0.00509684
-0.004179409
-0.003363914
-0.002446483
-0.001427115
-0.000509684
0.000407747
0.001325178
0.002140673
0.000101937
-0.001834862
-0.004077472
-0.006523955
-0.008868502
-0.011213048
-0.013149847
-0.015392457
-0.016819572
-0.017737003
-0.018756371
-0.019775739
-0.020591233
-0.021712538
-0.020183486
-0.017635066
-0.013761468
-0.006625892
-0.001427115
0.002038736
0.005606524
0.008358818
0.009072375
0.010397554
0.009480122
0.008154944
0.006218145
0.003363914
0.00030581
-0.002446483
-0.005810398
-0.004587156
-0.001325178
0.001325178
0.003363914
0.004892966
0.005504587
0.005912334
0.006320082
0.006625892
0.007033639
0.00733945
0.00764526
0.007849134
0.007441386
0.007033639
0.006523955
0.005912334
0.005504587
0.004383282
0.006218145
0.008053007
0.009785933
0.011620795
0.012844037
0.014169215
0.013353721
0.012538226
0.011620795
0.01049949
0.008868502
0.00733945
0.005708461
0.004077472
0.002446483
0.000713558
0.000407747
0.000815494
0.000917431
0.002344546
0.004281346
0.005300714
0.006218145
0.00733945
0.008053007
0.009072375
0.009683996
0.009683996
0.009480122
0.009072375
0.00254842
0
-0.000509684
-0.002038736
-0.002446483
-0.003363914
-0.004892966
-0.006523955
-0.008154944
-0.00988787
-0.011620795
-0.01304791
-0.010805301
-0.009072375
-0.006727829
-0.004383282
-0.001936799
-0.001121305
-0.000917431
-0.000509684
-0.000407747
0.000509684
0.001427115
0.002446483
0.003567788
0.004383282
0.004485219
0.003975535
0.001325178
-0.000815494
-0.003669725
-0.00479103
-0.005606524
-0.006320082
-0.006931702
-0.007441386
-0.008154944
-0.00764526
-0.006523955
-0.00285423
0.000509684
0.004689093
0.006625892
0.006116208
0.006116208
0.005504587
0.004994903
0.004485219
0.003975535
0.002956167
0
-0.002650357
-0.005300714
-0.004281346
-0.003771662
-0.00254842
-0.001529052
-0.000203874
0.000203874
0
-0.000101937
-0.000407747
-0.000713558
-0.000611621
-0.000101937
0.00030581
0.000713558
-0.000101937
-0.000713558
-0.001529052
-0.002446483
-0.002956167
-0.00285423
-0.00285423
-0.00254842
-0.002446483
-0.002140673
-0.002752294
-0.004485219
-0.005912334
-0.007747197
-0.008562691
-0.008358818
-0.008460754
-0.00764526
-0.00509684
-0.00285423
-0.000203874
0.001834862
0.001834862
0.002140673
0.002140673
0.002140673
0.003160041
0.004383282
0.004994903
0.004994903
0.004994903
0.004892966
0.00479103
0.005300714
0.006829766
0.008053007
0.009683996
0.00988787
0.009785933
0.009785933
0.009480122
0.009276249
0.009072375
0.008868502
0.008562691
0.008358818
0.008154944
0.007849134
0.006320082
0.00479103
0.003567788
0.003669725
0.003465851
0.003567788
0.003669725
0.003261978
0.001936799
0.001529052
0.001427115
0.001223242
0.001223242
0.001121305
0
-0.001019368
-0.002038736
-0.00254842
-0.002956167
-0.003363914
-0.003771662
-0.004892966
-0.006422018
-0.007849134
-0.009378186
-0.010907238
-0.01243629
-0.014067278
-0.014576962
-0.012232416
-0.01049949
-0.00795107
-0.006829766
-0.006422018
-0.005912334
-0.005708461
-0.00540265
-0.00509684
-0.004892966
-0.004587156
-0.004281346
-0.003975535
-0.003160041
-0.002650357
-0.001121305
0.001019368
0.003160041
0.004689093
0.004892966
0.005504587
0.005606524
0.006422018
0.008562691
0.010295617
0.008562691
0.007237513
0.00540265
0.003363914
0.00285423
0.002956167
0.00285423
0.002752294
0.001223242
-0.000101937
-0.001019368
-0.001121305
-0.001630989
-0.001529052
-0.003160041
-0.006931702
-0.010091743
-0.010397554
-0.010703364
-0.010805301
-0.010091743
-0.009072375
-0.008053007
-0.007543323
-0.00733945
-0.006931702
-0.006829766
-0.006422018
-0.004077472
-0.001325178
0.001325178
0.004383282
0.007237513
0.010091743
0.008766565
0.006422018
0.004179409
0.001325178
-0.001427115
-0.003567788
-0.003771662
-0.004485219
-0.004689093
-0.004994903
-0.005198777
-0.005504587
-0.005708461
-0.005912334
-0.004689093
-0.002956167
-0.001325178
0.000713558
0.001732926
0.001936799
0.00254842
0.00254842
0.003567788
0.00509684
0.006523955
0.008154944
0.009582059
0.00988787
0.010397554
0.010703364
0.011009174
0.011213048
0.010601427
0.010091743
0.009480122
0.008766565
0.008053007
0.00733945
0.006422018
0.005606524
0.004689093
0.003873598
0.003160041
0.002752294
0.002140673
0.001732926
0.001223242
0.000713558
0.00030581
0.000815494
0.001325178
0.001936799
0.00224261
0.000917431
-0.00030581
-0.001732926
-0.003160041
-0.00479103
-0.00540265
-0.004892966
-0.004383282
-0.003873598
-0.00254842
-0.000917431
0.000713558
0.001732926
0.00224261
0.003567788
0.006218145
0.008460754
0.011416922
0.010907238
0.008868502
0.007237513
0.00479103
0.002752294
0.000407747
-0.001630989
-0.002446483
-0.003363914
-0.004689093
-0.007033639
-0.008562691
-0.008970438
-0.009480122
-0.009683996
-0.00988787
-0.010091743
-0.010295617
-0.010397554
-0.009989806
-0.009683996
-0.009174312
-0.008868502
-0.009072375
-0.009276249
-0.009480122
-0.009785933
-0.00988787
-0.008970438
-0.008256881
-0.007237513
-0.006931702
-0.006931702
-0.006829766
-0.006829766
-0.006727829
-0.006727829
-0.006523955
-0.005708461
-0.00509684
-0.004383282
-0.003465851
-0.002344546
-0.001325178
-0.000203874
0.001019368
0.001732926
0.000917431
0.00030581
-0.000509684
-0.001427115
-0.000713558
0.000611621
0.001630989
0.001325178
0.001223242
0.000815494
0.000509684
0
0.000203874
0.000917431
0.001427115
0.002140673
0.00224261
0.001019368
0
-0.001223242
-0.002446483
-0.002446483
-0.001936799
-0.001630989
-0.001834862
-0.00224261
-0.002752294
-0.003058104
-0.002650357
-0.00224261
-0.00224261
-0.003261978
-0.004179409
-0.005198777
-0.004689093
-0.004383282
-0.003873598
-0.003261978
-0.002650357
-0.002038736
-0.001936799
-0.001834862
-0.001529052
0.001325178
0.004179409
0.006829766
0.007135576
0.007747197
0.00795107
0.008154944
0.008256881
0.008562691
0.00795107
0.006218145
0.004892966
0.003160041
0.002956167
0.003058104
0.003261978
0.003567788
0.003771662
0.002446483
0.000713558
-0.000815494
-0.00285423
-0.003567788
-0.00224261
-0.001325178
0.000101937
0.00030581
0.000101937
-0.000101937
-0.000509684
-0.000815494
-0.001121305
-0.001529052
-0.001223242
-0.000815494
-0.000407747
0.000101937
0.000509684
0.000815494
0.000815494
0.000917431
0.001019368
0.00224261
0.003363914
0.004689093
0.006014271
0.00733945
0.008053007
0.006320082
0.00509684
0.003261978
0.001630989
-0.000407747
0
0.003058104
0.005300714
0.008868502
0.008358818
0.003160041
-0.000203874
-0.006320082
-0.00285423
0.005912334
0.013251784
0.022528033
0.018858308
0.009582059
0.009276249
0.007849134
0.009174312
0.001630989
-0.008562691
-0.02038736
-0.015086646
-0.000713558
0.010907238
0.010091743
0.004892966
0.00030581
-0.007033639
-0.010907238
-0.001529052
0.007033639
0.014067278
0.006829766
0.002038736
0.003567788
0.009174312
0.008766565
0.005300714
0.002446483
0.001630989
0.001325178
-0.001121305
-0.003465851
-0.006829766
-0.005504587
-0.002038736
0.001427115
0.004892966
0.00988787
0.005912334
-0.004892966
-0.012130479
-0.009683996
-0.006116208
-0.002446483
0.003261978
0.003873598
0.001427115
-0.000101937
-0.000713558
0.000611621
0.001019368
0.002446483
0.001325178
0.000407747
-0.000815494
-0.002752294
-0.005606524
-0.008562691
-0.009480122
-0.006218145
-0.003669725
-0.000203874
0.003363914
0.003771662
-0.001427115
-0.004587156
-0.01049949
-0.007849134
-0.002344546
0.003160041
0.004179409
0.002650357
0.001325178
0.001529052
0.006218145
0.007441386
0.007543323
0.007747197
0.007441386
0.007237513
0.005810398
0.003873598
0.002140673
-0.000203874
-0.003363914
-0.006523955
-0.006931702
-0.005198777
-0.005504587
-0.005504587
-0.005810398
-0.003363914
0
0.003363914
0.007135576
0.009785933
0.008664628
0.008154944
0.006931702
0.00764526
0.007849134
0.008664628
0.006218145
0.003771662
0.000713558
-0.000101937
0.000407747
0.000509684
-0.001019368
-0.002956167
-0.004689093
-0.007033639
-0.006625892
-0.004485219
-0.00285423
-0.000713558
-0.002344546
-0.003363914
-0.005198777
-0.006116208
-0.005708461
-0.005504587
-0.00509684
-0.006727829
-0.009276249
-0.011620795
-0.014271152
-0.014067278
-0.014271152
-0.012334353
-0.009785933
-0.007543323
-0.004689093
-0.003465851
-0.004281346
-0.004587156
-0.005606524
-0.006422018
-0.00733945
-0.008154944
-0.007441386
-0.005300714
-0.003771662
-0.002650357
-0.001427115
